 U matrix plot
   0.0000000000000000        0.0000000000000000        5.1193974999999980     
   0.0000000000000000       0.14583333333333334        4.7602078999999993     
   0.0000000000000000       0.29166666666666669        4.4151891000000001     
   0.0000000000000000       0.43750000000000000        4.0843410999999996     
   0.0000000000000000       0.58333333333333337        3.7676638999999987     
   0.0000000000000000       0.72916666666666674        3.4651574999999992     
   0.0000000000000000       0.87500000000000000        3.1768218999999993     
   0.0000000000000000        1.0208333333333335        2.9026570999999990     
   0.0000000000000000        1.1666666666666667        2.6426630999999992     
   0.0000000000000000        1.3125000000000000        2.3968398999999994     
   0.0000000000000000        1.4583333333333335        2.1651874999999992     
   0.0000000000000000        1.6041666666666667        1.9477058999999997     
   0.0000000000000000        1.7500000000000000        1.7443950999999993     
   0.0000000000000000        1.8958333333333335        1.5552550999999994     
   0.0000000000000000        2.0416666666666670        1.3802858999999994     
   0.0000000000000000        2.1875000000000000        1.2194874999999994     
   0.0000000000000000        2.3333333333333335        1.0728598999999994     
   0.0000000000000000        2.4791666666666670       0.94040309999999905     
   0.0000000000000000        2.6250000000000000       0.82211709999999960     
   0.0000000000000000        2.7708333333333335       0.71800189999999942     
   0.0000000000000000        2.9166666666666670       0.62805749999999938     
   0.0000000000000000        3.0625000000000000       0.55228389999999949     
   0.0000000000000000        3.2083333333333335       0.49068109999999976     
   0.0000000000000000        3.3541666666666670       0.44324909999999973     
  0.14583333333333334        0.0000000000000000        4.6092879000000000     
  0.14583333333333334       0.14583333333333334        4.2677775000000002     
  0.14583333333333334       0.29166666666666669        3.9404379000000000     
  0.14583333333333334       0.43750000000000000        3.6272690999999999     
  0.14583333333333334       0.58333333333333337        3.3282710999999994     
  0.14583333333333334       0.72916666666666674        3.0434439000000002     
  0.14583333333333334       0.87500000000000000        2.7727875000000002     
  0.14583333333333334        1.0208333333333335        2.5163018999999993     
  0.14583333333333334        1.1666666666666667        2.2739870999999998     
  0.14583333333333334        1.3125000000000000        2.0458430999999999     
  0.14583333333333334        1.4583333333333335        1.8318699000000001     
  0.14583333333333334        1.6041666666666667        1.6320675000000002     
  0.14583333333333334        1.7500000000000000        1.4464358999999998     
  0.14583333333333334        1.8958333333333335        1.2749751000000000     
  0.14583333333333334        2.0416666666666670        1.1176850999999999     
  0.14583333333333334        2.1875000000000000       0.97456589999999976     
  0.14583333333333334        2.3333333333333335       0.84561749999999980     
  0.14583333333333334        2.4791666666666670       0.73083989999999965     
  0.14583333333333334        2.6250000000000000       0.63023310000000010     
  0.14583333333333334        2.7708333333333335       0.54379709999999992     
  0.14583333333333334        2.9166666666666670       0.47153189999999984     
  0.14583333333333334        3.0625000000000000       0.41343749999999990     
  0.14583333333333334        3.2083333333333335       0.36951390000000017     
  0.14583333333333334        3.3541666666666670       0.33976110000000015     
  0.29166666666666669        0.0000000000000000        4.1270690999999999     
  0.29166666666666669       0.14583333333333334        3.8032379000000001     
  0.29166666666666669       0.29166666666666669        3.4935775000000007     
  0.29166666666666669       0.43750000000000000        3.1980879000000004     
  0.29166666666666669       0.58333333333333337        2.9167690999999998     
  0.29166666666666669       0.72916666666666674        2.6496211000000001     
  0.29166666666666669       0.87500000000000000        2.3966438999999999     
  0.29166666666666669        1.0208333333333335        2.1578374999999999     
  0.29166666666666669        1.1666666666666667        1.9332018999999998     
  0.29166666666666669        1.3125000000000000        1.7227371000000000     
  0.29166666666666669        1.4583333333333335        1.5264431000000003     
  0.29166666666666669        1.6041666666666667        1.3443198999999999     
  0.29166666666666669        1.7500000000000000        1.1763675000000000     
  0.29166666666666669        1.8958333333333335        1.0225859000000002     
  0.29166666666666669        2.0416666666666670       0.88297510000000012     
  0.29166666666666669        2.1875000000000000       0.75753509999999991     
  0.29166666666666669        2.3333333333333335       0.64626589999999984     
  0.29166666666666669        2.4791666666666670       0.54916749999999981     
  0.29166666666666669        2.6250000000000000       0.46623990000000015     
  0.29166666666666669        2.7708333333333335       0.39748309999999992     
  0.29166666666666669        2.9166666666666670       0.34289709999999990     
  0.29166666666666669        3.0625000000000000       0.30248189999999991     
  0.29166666666666669        3.2083333333333335       0.27623750000000014     
  0.29166666666666669        3.3541666666666670       0.26416390000000012     
  0.43750000000000000        0.0000000000000000        3.6727410999999996     
  0.43750000000000000       0.14583333333333334        3.3665890999999997     
  0.43750000000000000       0.29166666666666669        3.0746079000000002     
  0.43750000000000000       0.43750000000000000        2.7967974999999998     
  0.43750000000000000       0.58333333333333337        2.5331578999999991     
  0.43750000000000000       0.72916666666666674        2.2836890999999997     
  0.43750000000000000       0.87500000000000000        2.0483910999999995     
  0.43750000000000000        1.0208333333333335        1.8272638999999997     
  0.43750000000000000        1.1666666666666667        1.6203074999999998     
  0.43750000000000000        1.3125000000000000        1.4275218999999999     
  0.43750000000000000        1.4583333333333335        1.2489071000000000     
  0.43750000000000000        1.6041666666666667        1.0844630999999998     
  0.43750000000000000        1.7500000000000000       0.93418989999999968     
  0.43750000000000000        1.8958333333333335       0.79808749999999984     
  0.43750000000000000        2.0416666666666670       0.67615589999999992     
  0.43750000000000000        2.1875000000000000       0.56839509999999982     
  0.43750000000000000        2.3333333333333335       0.47480509999999976     
  0.43750000000000000        2.4791666666666670       0.39538589999999968     
  0.43750000000000000        2.6250000000000000       0.33013749999999997     
  0.43750000000000000        2.7708333333333335       0.27905989999999986     
  0.43750000000000000        2.9166666666666670       0.24215309999999984     
  0.43750000000000000        3.0625000000000000       0.21941709999999987     
  0.43750000000000000        3.2083333333333335       0.21085190000000009     
  0.43750000000000000        3.3541666666666670       0.21645750000000008     
  0.58333333333333337        0.0000000000000000        3.2463038999999991     
  0.58333333333333337       0.14583333333333334        2.9578310999999990     
  0.58333333333333337       0.29166666666666669        2.6835290999999994     
  0.58333333333333337       0.43750000000000000        2.4233978999999994     
  0.58333333333333337       0.58333333333333337        2.1774374999999990     
  0.58333333333333337       0.72916666666666674        1.9456478999999998     
  0.58333333333333337       0.87500000000000000        1.7280290999999997     
  0.58333333333333337        1.0208333333333335        1.5245810999999994     
  0.58333333333333337        1.1666666666666667        1.3353038999999993     
  0.58333333333333337        1.3125000000000000        1.1601974999999995     
  0.58333333333333337        1.4583333333333335       0.99926189999999970     
  0.58333333333333337        1.6041666666666667       0.85249709999999956     
  0.58333333333333337        1.7500000000000000       0.71990309999999968     
  0.58333333333333337        1.8958333333333335       0.60147989999999962     
  0.58333333333333337        2.0416666666666670       0.49722749999999977     
  0.58333333333333337        2.1875000000000000       0.40714589999999973     
  0.58333333333333337        2.3333333333333335       0.33123509999999967     
  0.58333333333333337        2.4791666666666670       0.26949509999999965     
  0.58333333333333337        2.6250000000000000       0.22192589999999995     
  0.58333333333333337        2.7708333333333335       0.18852749999999982     
  0.58333333333333337        2.9166666666666670       0.16929989999999989     
  0.58333333333333337        3.0625000000000000       0.16424309999999986     
  0.58333333333333337        3.2083333333333335       0.17335710000000015     
  0.58333333333333337        3.3541666666666670       0.19664190000000015     
  0.72916666666666674        0.0000000000000000        2.8477574999999993     
  0.72916666666666674       0.14583333333333334        2.5769639000000000     
  0.72916666666666674       0.29166666666666669        2.3203411000000003     
  0.72916666666666674       0.43750000000000000        2.0778890999999997     
  0.72916666666666674       0.58333333333333337        1.8496078999999994     
  0.72916666666666674       0.72916666666666674        1.6354974999999998     
  0.72916666666666674       0.87500000000000000        1.4355578999999998     
  0.72916666666666674        1.0208333333333335        1.2497890999999999     
  0.72916666666666674        1.1666666666666667        1.0781910999999995     
  0.72916666666666674        1.3125000000000000       0.92076389999999975     
  0.72916666666666674        1.4583333333333335       0.77750749999999980     
  0.72916666666666674        1.6041666666666667       0.64842189999999977     
  0.72916666666666674        1.7500000000000000       0.53350709999999979     
  0.72916666666666674        1.8958333333333335       0.43276309999999985     
  0.72916666666666674        2.0416666666666670       0.34618989999999988     
  0.72916666666666674        2.1875000000000000       0.27378749999999985     
  0.72916666666666674        2.3333333333333335       0.21555589999999980     
  0.72916666666666674        2.4791666666666670       0.17149509999999979     
  0.72916666666666674        2.6250000000000000       0.14160509999999998     
  0.72916666666666674        2.7708333333333335       0.12588589999999988     
  0.72916666666666674        2.9166666666666670       0.12433749999999993     
  0.72916666666666674        3.0625000000000000       0.13695989999999991     
  0.72916666666666674        3.2083333333333335       0.16375310000000010     
  0.72916666666666674        3.3541666666666670       0.20471710000000021     
  0.87500000000000000        0.0000000000000000        2.4771018999999992     
  0.87500000000000000       0.14583333333333334        2.2239874999999998     
  0.87500000000000000       0.29166666666666669        1.9850439000000000     
  0.87500000000000000       0.43750000000000000        1.7602710999999998     
  0.87500000000000000       0.58333333333333337        1.5496690999999996     
  0.87500000000000000       0.72916666666666674        1.3532378999999999     
  0.87500000000000000       0.87500000000000000        1.1709774999999998     
  0.87500000000000000        1.0208333333333335        1.0028878999999997     
  0.87500000000000000        1.1666666666666667       0.84896909999999970     
  0.87500000000000000        1.3125000000000000       0.70922109999999972     
  0.87500000000000000        1.4583333333333335       0.58364389999999988     
  0.87500000000000000        1.6041666666666667       0.47223749999999981     
  0.87500000000000000        1.7500000000000000       0.37500189999999978     
  0.87500000000000000        1.8958333333333335       0.29193709999999989     
  0.87500000000000000        2.0416666666666670       0.22304309999999994     
  0.87500000000000000        2.1875000000000000       0.16831989999999988     
  0.87500000000000000        2.3333333333333335       0.12776749999999990     
  0.87500000000000000        2.4791666666666670       0.10138589999999988     
  0.87500000000000000        2.6250000000000000        8.9175100000000035E-002
  0.87500000000000000        2.7708333333333335        9.1135099999999969E-002
  0.87500000000000000        2.9166666666666670       0.10726590000000003     
  0.87500000000000000        3.0625000000000000       0.13756749999999995     
  0.87500000000000000        3.2083333333333335       0.18203990000000014     
  0.87500000000000000        3.3541666666666670       0.24068310000000026     
   1.0208333333333335        0.0000000000000000        2.1343370999999998     
   1.0208333333333335       0.14583333333333334        1.8989018999999998     
   1.0208333333333335       0.29166666666666669        1.6776374999999999     
   1.0208333333333335       0.43750000000000000        1.4705438999999998     
   1.0208333333333335       0.58333333333333337        1.2776210999999997     
   1.0208333333333335       0.72916666666666674        1.0988690999999997     
   1.0208333333333335       0.87500000000000000       0.93428789999999984     
   1.0208333333333335        1.0208333333333335       0.78387749999999978     
   1.0208333333333335        1.1666666666666667       0.64763789999999977     
   1.0208333333333335        1.3125000000000000       0.52556909999999979     
   1.0208333333333335        1.4583333333333335       0.41767109999999985     
   1.0208333333333335        1.6041666666666667       0.32394389999999978     
   1.0208333333333335        1.7500000000000000       0.24438749999999979     
   1.0208333333333335        1.8958333333333335       0.17900189999999983     
   1.0208333333333335        2.0416666666666670       0.12778709999999993     
   1.0208333333333335        2.1875000000000000        9.0743099999999910E-002
   1.0208333333333335        2.3333333333333335        6.7869899999999928E-002
   1.0208333333333335        2.4791666666666670        5.9167499999999928E-002
   1.0208333333333335        2.6250000000000000        6.4635900000000052E-002
   1.0208333333333335        2.7708333333333335        8.4275099999999992E-002
   1.0208333333333335        2.9166666666666670       0.11808510000000016     
   1.0208333333333335        3.0625000000000000       0.16606589999999999     
   1.0208333333333335        3.2083333333333335       0.22821750000000018     
   1.0208333333333335        3.3541666666666670       0.30453990000000031     
   1.1666666666666667        0.0000000000000000        1.8194630999999992     
   1.1666666666666667       0.14583333333333334        1.6017070999999996     
   1.1666666666666667       0.29166666666666669        1.3981218999999996     
   1.1666666666666667       0.43750000000000000        1.2087074999999996     
   1.1666666666666667       0.58333333333333337        1.0334638999999992     
   1.1666666666666667       0.72916666666666674       0.87239109999999953     
   1.1666666666666667       0.87500000000000000       0.72548909999999966     
   1.1666666666666667        1.0208333333333335       0.59275789999999962     
   1.1666666666666667        1.1666666666666667       0.47419749999999955     
   1.1666666666666667        1.3125000000000000       0.36980789999999963     
   1.1666666666666667        1.4583333333333335       0.27958909999999981     
   1.1666666666666667        1.6041666666666667       0.20354109999999978     
   1.1666666666666667        1.7500000000000000       0.14166389999999976     
   1.1666666666666667        1.8958333333333335        9.3957499999999847E-002
   1.1666666666666667        2.0416666666666670        6.0421899999999903E-002
   1.1666666666666667        2.1875000000000000        4.1057099999999923E-002
   1.1666666666666667        2.3333333333333335        3.5863099999999967E-002
   1.1666666666666667        2.4791666666666670        4.4839900000000016E-002
   1.1666666666666667        2.6250000000000000        6.7987500000000090E-002
   1.1666666666666667        2.7708333333333335       0.10530590000000006     
   1.1666666666666667        2.9166666666666670       0.15679510000000019     
   1.1666666666666667        3.0625000000000000       0.22245510000000007     
   1.1666666666666667        3.2083333333333335       0.30228590000000027     
   1.1666666666666667        3.3541666666666670       0.39628750000000046     
   1.3125000000000000        0.0000000000000000        1.5324798999999993     
   1.3125000000000000       0.14583333333333334        1.3324030999999996     
   1.3125000000000000       0.29166666666666669        1.1464970999999999     
   1.3125000000000000       0.43750000000000000       0.97476189999999963     
   1.3125000000000000       0.58333333333333337       0.81719749999999958     
   1.3125000000000000       0.72916666666666674       0.67380389999999979     
   1.3125000000000000       0.87500000000000000       0.54458109999999982     
   1.3125000000000000        1.0208333333333335       0.42952909999999977     
   1.3125000000000000        1.1666666666666667       0.32864789999999972     
   1.3125000000000000        1.3125000000000000       0.24193749999999981     
   1.3125000000000000        1.4583333333333335       0.16939789999999988     
   1.3125000000000000        1.6041666666666667       0.11102909999999988     
   1.3125000000000000        1.7500000000000000        6.6831099999999879E-002
   1.3125000000000000        1.8958333333333335        3.6803899999999931E-002
   1.3125000000000000        2.0416666666666670        2.0947499999999970E-002
   1.3125000000000000        2.1875000000000000        1.9261899999999998E-002
   1.3125000000000000        2.3333333333333335        3.1747100000000056E-002
   1.3125000000000000        2.4791666666666670        5.8403100000000124E-002
   1.3125000000000000        2.6250000000000000        9.9229900000000121E-002
   1.3125000000000000        2.7708333333333335       0.15422750000000013     
   1.3125000000000000        2.9166666666666670       0.22339590000000026     
   1.3125000000000000        3.0625000000000000       0.30673510000000009     
   1.3125000000000000        3.2083333333333335       0.40424510000000025     
   1.3125000000000000        3.3541666666666670       0.51592590000000038     
   1.4583333333333335        0.0000000000000000        1.2733874999999997     
   1.4583333333333335       0.14583333333333334        1.0909898999999998     
   1.4583333333333335       0.29166666666666669       0.92276310000000006     
   1.4583333333333335       0.43750000000000000       0.76870709999999987     
   1.4583333333333335       0.58333333333333337       0.62882189999999971     
   1.4583333333333335       0.72916666666666674       0.50310749999999993     
   1.4583333333333335       0.87500000000000000       0.39156389999999991     
   1.4583333333333335        1.0208333333333335       0.29419109999999993     
   1.4583333333333335        1.1666666666666667       0.21098909999999985     
   1.4583333333333335        1.3125000000000000       0.14195789999999991     
   1.4583333333333335        1.4583333333333335        8.7097499999999994E-002
   1.4583333333333335        1.6041666666666667        4.6407899999999953E-002
   1.4583333333333335        1.7500000000000000        1.9889099999999958E-002
   1.4583333333333335        1.8958333333333335        7.5410999999999898E-003
   1.4583333333333335        2.0416666666666670        9.3639000000000083E-003
   1.4583333333333335        2.1875000000000000        2.5357500000000040E-002
   1.4583333333333335        2.3333333333333335        5.5521900000000082E-002
   1.4583333333333335        2.4791666666666670        9.9857100000000171E-002
   1.4583333333333335        2.6250000000000000       0.15836310000000009     
   1.4583333333333335        2.7708333333333335       0.23103990000000010     
   1.4583333333333335        2.9166666666666670       0.31788750000000032     
   1.4583333333333335        3.0625000000000000       0.41890590000000005     
   1.4583333333333335        3.2083333333333335       0.53409510000000027     
   1.4583333333333335        3.3541666666666670       0.66345510000000041     
   1.6041666666666667        0.0000000000000000        1.0421858999999996     
   1.6041666666666667       0.14583333333333334       0.87746749999999962     
   1.6041666666666667       0.29166666666666669       0.72691989999999984     
   1.6041666666666667       0.43750000000000000       0.59054309999999977     
   1.6041666666666667       0.58333333333333337       0.46833709999999962     
   1.6041666666666667       0.72916666666666674       0.36030189999999979     
   1.6041666666666667       0.87500000000000000       0.26643749999999983     
   1.6041666666666667        1.0208333333333335       0.18674389999999982     
   1.6041666666666667        1.1666666666666667       0.12122109999999982     
   1.6041666666666667        1.3125000000000000        6.9869099999999879E-002
   1.6041666666666667        1.4583333333333335        3.2687899999999950E-002
   1.6041666666666667        1.6041666666666667        9.6774999999999552E-003
   1.6041666666666667        1.7500000000000000        8.3789999999999126E-004
   1.6041666666666667        1.8958333333333335        6.1691000000000298E-003
   1.6041666666666667        2.0416666666666670        2.5671100000000051E-002
   1.6041666666666667        2.1875000000000000        5.9343900000000116E-002
   1.6041666666666667        2.3333333333333335       0.10718750000000020     
   1.6041666666666667        2.4791666666666670       0.16920190000000032     
   1.6041666666666667        2.6250000000000000       0.24538710000000019     
   1.6041666666666667        2.7708333333333335       0.33574310000000029     
   1.6041666666666667        2.9166666666666670       0.44026990000000049     
   1.6041666666666667        3.0625000000000000       0.55896750000000017     
   1.6041666666666667        3.2083333333333335       0.69183590000000039     
   1.6041666666666667        3.3541666666666670       0.83887510000000065     
   1.7500000000000000        0.0000000000000000       0.83887509999999932     
   1.7500000000000000       0.14583333333333334       0.69183589999999950     
   1.7500000000000000       0.29166666666666669       0.55896749999999973     
   1.7500000000000000       0.43750000000000000       0.44026989999999960     
   1.7500000000000000       0.58333333333333337       0.33574309999999957     
   1.7500000000000000       0.72916666666666674       0.24538709999999975     
   1.7500000000000000       0.87500000000000000       0.16920189999999979     
   1.7500000000000000        1.0208333333333335       0.10718749999999982     
   1.7500000000000000        1.1666666666666667        5.9343899999999838E-002
   1.7500000000000000        1.3125000000000000        2.5671099999999909E-002
   1.7500000000000000        1.4583333333333335        6.1690999999999725E-003
   1.7500000000000000        1.6041666666666667        8.3790000000001164E-004
   1.7500000000000000        1.7500000000000000        9.6775000000000784E-003
   1.7500000000000000        1.8958333333333335        3.2687900000000117E-002
   1.7500000000000000        2.0416666666666670        6.9869100000000156E-002
   1.7500000000000000        2.1875000000000000       0.12122110000000025     
   1.7500000000000000        2.3333333333333335       0.18674390000000035     
   1.7500000000000000        2.4791666666666670       0.26643750000000049     
   1.7500000000000000        2.6250000000000000       0.36030190000000040     
   1.7500000000000000        2.7708333333333335       0.46833710000000045     
   1.7500000000000000        2.9166666666666670       0.59054310000000076     
   1.7500000000000000        3.0625000000000000       0.72691990000000040     
   1.7500000000000000        3.2083333333333335       0.87746750000000062     
   1.7500000000000000        3.3541666666666670        1.0421859000000009     
   1.8958333333333335        0.0000000000000000       0.66345509999999952     
   1.8958333333333335       0.14583333333333334       0.53409509999999960     
   1.8958333333333335       0.29166666666666669       0.41890589999999983     
   1.8958333333333335       0.43750000000000000       0.31788749999999977     
   1.8958333333333335       0.58333333333333337       0.23103989999999971     
   1.8958333333333335       0.72916666666666674       0.15836309999999984     
   1.8958333333333335       0.87500000000000000        9.9857099999999879E-002
   1.8958333333333335        1.0208333333333335        5.5521899999999930E-002
   1.8958333333333335        1.1666666666666667        2.5357499999999929E-002
   1.8958333333333335        1.3125000000000000        9.3638999999999875E-003
   1.8958333333333335        1.4583333333333335        7.5411000000000193E-003
   1.8958333333333335        1.6041666666666667        1.9889100000000062E-002
   1.8958333333333335        1.7500000000000000        4.6407900000000134E-002
   1.8958333333333335        1.8958333333333335        8.7097500000000161E-002
   1.8958333333333335        2.0416666666666670       0.14195790000000016     
   1.8958333333333335        2.1875000000000000       0.21098910000000026     
   1.8958333333333335        2.3333333333333335       0.29419110000000037     
   1.8958333333333335        2.4791666666666670       0.39156390000000052     
   1.8958333333333335        2.6250000000000000       0.50310750000000026     
   1.8958333333333335        2.7708333333333335       0.62882190000000038     
   1.8958333333333335        2.9166666666666670       0.76870710000000075     
   1.8958333333333335        3.0625000000000000       0.92276310000000028     
   1.8958333333333335        3.2083333333333335        1.0909899000000005     
   1.8958333333333335        3.3541666666666670        1.2733875000000008     
   2.0416666666666670        0.0000000000000000       0.51592589999999972     
   2.0416666666666670       0.14583333333333334       0.40424509999999975     
   2.0416666666666670       0.29166666666666669       0.30673509999999993     
   2.0416666666666670       0.43750000000000000       0.22339589999999987     
   2.0416666666666670       0.58333333333333337       0.15422749999999982     
   2.0416666666666670       0.72916666666666674        9.9229899999999899E-002
   2.0416666666666670       0.87500000000000000        5.8403099999999958E-002
   2.0416666666666670        1.0208333333333335        3.1747099999999986E-002
   2.0416666666666670        1.1666666666666667        1.9261899999999998E-002
   2.0416666666666670        1.3125000000000000        2.0947500000000029E-002
   2.0416666666666670        1.4583333333333335        3.6803900000000035E-002
   2.0416666666666670        1.6041666666666667        6.6831100000000088E-002
   2.0416666666666670        1.7500000000000000       0.11102910000000017     
   2.0416666666666670        1.8958333333333335       0.16939790000000016     
   2.0416666666666670        2.0416666666666670       0.24193750000000014     
   2.0416666666666670        2.1875000000000000       0.32864790000000021     
   2.0416666666666670        2.3333333333333335       0.42952910000000033     
   2.0416666666666670        2.4791666666666670       0.54458110000000048     
   2.0416666666666670        2.6250000000000000       0.67380390000000023     
   2.0416666666666670        2.7708333333333335       0.81719750000000035     
   2.0416666666666670        2.9166666666666670       0.97476190000000063     
   2.0416666666666670        3.0625000000000000        1.1464971000000004     
   2.0416666666666670        3.2083333333333335        1.3324031000000005     
   2.0416666666666670        3.3541666666666670        1.5324799000000007     
   2.1875000000000000        0.0000000000000000       0.39628749999999957     
   2.1875000000000000       0.14583333333333334       0.30228589999999966     
   2.1875000000000000       0.29166666666666669       0.22245509999999985     
   2.1875000000000000       0.43750000000000000       0.15679509999999980     
   2.1875000000000000       0.58333333333333337       0.10530589999999984     
   2.1875000000000000       0.72916666666666674        6.7987499999999895E-002
   2.1875000000000000       0.87500000000000000        4.4839899999999988E-002
   2.1875000000000000        1.0208333333333335        3.5863100000000037E-002
   2.1875000000000000        1.1666666666666667        4.1057100000000055E-002
   2.1875000000000000        1.3125000000000000        6.0421900000000098E-002
   2.1875000000000000        1.4583333333333335        9.3957500000000110E-002
   2.1875000000000000        1.6041666666666667       0.14166390000000020     
   2.1875000000000000        1.7500000000000000       0.20354110000000028     
   2.1875000000000000        1.8958333333333335       0.27958910000000031     
   2.1875000000000000        2.0416666666666670       0.36980790000000024     
   2.1875000000000000        2.1875000000000000       0.47419750000000038     
   2.1875000000000000        2.3333333333333335       0.59275790000000061     
   2.1875000000000000        2.4791666666666670       0.72548910000000078     
   2.1875000000000000        2.6250000000000000       0.87239110000000042     
   2.1875000000000000        2.7708333333333335        1.0334639000000005     
   2.1875000000000000        2.9166666666666670        1.2087075000000009     
   2.1875000000000000        3.0625000000000000        1.3981219000000005     
   2.1875000000000000        3.2083333333333335        1.6017071000000007     
   2.1875000000000000        3.3541666666666670        1.8194631000000010     
   2.3333333333333335        0.0000000000000000       0.30453989999999964     
   2.3333333333333335       0.14583333333333334       0.22821749999999963     
   2.3333333333333335       0.29166666666666669       0.16606589999999982     
   2.3333333333333335       0.43750000000000000       0.11808509999999983     
   2.3333333333333335       0.58333333333333337        8.4275099999999881E-002
   2.3333333333333335       0.72916666666666674        6.4635899999999968E-002
   2.3333333333333335       0.87500000000000000        5.9167500000000040E-002
   2.3333333333333335        1.0208333333333335        6.7869900000000136E-002
   2.3333333333333335        1.1666666666666667        9.0743100000000174E-002
   2.3333333333333335        1.3125000000000000       0.12778710000000024     
   2.3333333333333335        1.4583333333333335       0.17900190000000024     
   2.3333333333333335        1.6041666666666667       0.24438750000000037     
   2.3333333333333335        1.7500000000000000       0.32394390000000045     
   2.3333333333333335        1.8958333333333335       0.41767110000000052     
   2.3333333333333335        2.0416666666666670       0.52556910000000046     
   2.3333333333333335        2.1875000000000000       0.64763790000000065     
   2.3333333333333335        2.3333333333333335       0.78387750000000078     
   2.3333333333333335        2.4791666666666670       0.93428790000000106     
   2.3333333333333335        2.6250000000000000        1.0988691000000008     
   2.3333333333333335        2.7708333333333335        1.2776211000000011     
   2.3333333333333335        2.9166666666666670        1.4705439000000013     
   2.3333333333333335        3.0625000000000000        1.6776375000000008     
   2.3333333333333335        3.2083333333333335        1.8989019000000009     
   2.3333333333333335        3.3541666666666670        2.1343371000000015     
   2.4791666666666670        0.0000000000000000       0.24068309999999971     
   2.4791666666666670       0.14583333333333334       0.18203989999999970     
   2.4791666666666670       0.29166666666666669       0.13756749999999984     
   2.4791666666666670       0.43750000000000000       0.10726589999999991     
   2.4791666666666670       0.58333333333333337        9.1135100000000024E-002
   2.4791666666666670       0.72916666666666674        8.9175100000000063E-002
   2.4791666666666670       0.87500000000000000       0.10138590000000017     
   2.4791666666666670        1.0208333333333335       0.12776750000000028     
   2.4791666666666670        1.1666666666666667       0.16831990000000036     
   2.4791666666666670        1.3125000000000000       0.22304310000000041     
   2.4791666666666670        1.4583333333333335       0.29193710000000039     
   2.4791666666666670        1.6041666666666667       0.37500190000000055     
   2.4791666666666670        1.7500000000000000       0.47223750000000075     
   2.4791666666666670        1.8958333333333335       0.58364390000000066     
   2.4791666666666670        2.0416666666666670       0.70922110000000083     
   2.4791666666666670        2.1875000000000000       0.84896910000000092     
   2.4791666666666670        2.3333333333333335        1.0028879000000013     
   2.4791666666666670        2.4791666666666670        1.1709775000000016     
   2.4791666666666670        2.6250000000000000        1.3532379000000012     
   2.4791666666666670        2.7708333333333335        1.5496691000000014     
   2.4791666666666670        2.9166666666666670        1.7602711000000018     
   2.4791666666666670        3.0625000000000000        1.9850439000000011     
   2.4791666666666670        3.2083333333333335        2.2239875000000016     
   2.4791666666666670        3.3541666666666670        2.4771019000000019     
   2.6250000000000000        0.0000000000000000       0.20471709999999987     
   2.6250000000000000       0.14583333333333334       0.16375309999999976     
   2.6250000000000000       0.29166666666666669       0.13695989999999991     
   2.6250000000000000       0.43750000000000000       0.12433749999999993     
   2.6250000000000000       0.58333333333333337       0.12588590000000000     
   2.6250000000000000       0.72916666666666674       0.14160509999999998     
   2.6250000000000000       0.87500000000000000       0.17149510000000007     
   2.6250000000000000        1.0208333333333335       0.21555590000000013     
   2.6250000000000000        1.1666666666666667       0.27378750000000018     
   2.6250000000000000        1.3125000000000000       0.34618990000000016     
   2.6250000000000000        1.4583333333333335       0.43276310000000012     
   2.6250000000000000        1.6041666666666667       0.53350710000000023     
   2.6250000000000000        1.7500000000000000       0.64842190000000055     
   2.6250000000000000        1.8958333333333335       0.77750750000000035     
   2.6250000000000000        2.0416666666666670       0.92076390000000030     
   2.6250000000000000        2.1875000000000000        1.0781911000000004     
   2.6250000000000000        2.3333333333333335        1.2497891000000008     
   2.6250000000000000        2.4791666666666670        1.4355579000000009     
   2.6250000000000000        2.6250000000000000        1.6354975000000005     
   2.6250000000000000        2.7708333333333335        1.8496079000000005     
   2.6250000000000000        2.9166666666666670        2.0778891000000010     
   2.6250000000000000        3.0625000000000000        2.3203411000000003     
   2.6250000000000000        3.2083333333333335        2.5769639000000009     
   2.6250000000000000        3.3541666666666670        2.8477575000000011     
   2.7708333333333335        0.0000000000000000       0.19664190000000004     
   2.7708333333333335       0.14583333333333334       0.17335709999999982     
   2.7708333333333335       0.29166666666666669       0.16424310000000003     
   2.7708333333333335       0.43750000000000000       0.16929990000000011     
   2.7708333333333335       0.58333333333333337       0.18852750000000021     
   2.7708333333333335       0.72916666666666674       0.22192590000000020     
   2.7708333333333335       0.87500000000000000       0.26949510000000032     
   2.7708333333333335        1.0208333333333335       0.33123510000000045     
   2.7708333333333335        1.1666666666666667       0.40714590000000045     
   2.7708333333333335        1.3125000000000000       0.49722750000000049     
   2.7708333333333335        1.4583333333333335       0.60147990000000040     
   2.7708333333333335        1.6041666666666667       0.71990310000000057     
   2.7708333333333335        1.7500000000000000       0.85249710000000090     
   2.7708333333333335        1.8958333333333335       0.99926190000000070     
   2.7708333333333335        2.0416666666666670        1.1601975000000004     
   2.7708333333333335        2.1875000000000000        1.3353039000000009     
   2.7708333333333335        2.3333333333333335        1.5245811000000011     
   2.7708333333333335        2.4791666666666670        1.7280291000000014     
   2.7708333333333335        2.6250000000000000        1.9456479000000009     
   2.7708333333333335        2.7708333333333335        2.1774375000000012     
   2.7708333333333335        2.9166666666666670        2.4233979000000017     
   2.7708333333333335        3.0625000000000000        2.6835291000000012     
   2.7708333333333335        3.2083333333333335        2.9578311000000008     
   2.7708333333333335        3.3541666666666670        3.2463039000000018     
   2.9166666666666670        0.0000000000000000       0.21645750000000008     
   2.9166666666666670       0.14583333333333334       0.21085189999999998     
   2.9166666666666670       0.29166666666666669       0.21941710000000014     
   2.9166666666666670       0.43750000000000000       0.24215310000000023     
   2.9166666666666670       0.58333333333333337       0.27905990000000042     
   2.9166666666666670       0.72916666666666674       0.33013750000000036     
   2.9166666666666670       0.87500000000000000       0.39538590000000051     
   2.9166666666666670        1.0208333333333335       0.47480510000000065     
   2.9166666666666670        1.1666666666666667       0.56839510000000071     
   2.9166666666666670        1.3125000000000000       0.67615590000000070     
   2.9166666666666670        1.4583333333333335       0.79808750000000073     
   2.9166666666666670        1.6041666666666667       0.93418990000000079     
   2.9166666666666670        1.7500000000000000        1.0844631000000011     
   2.9166666666666670        1.8958333333333335        1.2489071000000012     
   2.9166666666666670        2.0416666666666670        1.4275219000000010     
   2.9166666666666670        2.1875000000000000        1.6203075000000013     
   2.9166666666666670        2.3333333333333335        1.8272639000000017     
   2.9166666666666670        2.4791666666666670        2.0483911000000017     
   2.9166666666666670        2.6250000000000000        2.2836891000000015     
   2.9166666666666670        2.7708333333333335        2.5331579000000013     
   2.9166666666666670        2.9166666666666670        2.7967975000000020     
   2.9166666666666670        3.0625000000000000        3.0746079000000011     
   2.9166666666666670        3.2083333333333335        3.3665891000000014     
   2.9166666666666670        3.3541666666666670        3.6727411000000014     
   3.0625000000000000        0.0000000000000000       0.26416390000000001     
   3.0625000000000000       0.14583333333333334       0.27623749999999980     
   3.0625000000000000       0.29166666666666669       0.30248189999999991     
   3.0625000000000000       0.43750000000000000       0.34289710000000007     
   3.0625000000000000       0.58333333333333337       0.39748310000000020     
   3.0625000000000000       0.72916666666666674       0.46623990000000010     
   3.0625000000000000       0.87500000000000000       0.54916750000000025     
   3.0625000000000000        1.0208333333333335       0.64626590000000039     
   3.0625000000000000        1.1666666666666667       0.75753510000000035     
   3.0625000000000000        1.3125000000000000       0.88297510000000035     
   3.0625000000000000        1.4583333333333335        1.0225859000000004     
   3.0625000000000000        1.6041666666666667        1.1763675000000005     
   3.0625000000000000        1.7500000000000000        1.3443199000000006     
   3.0625000000000000        1.8958333333333335        1.5264431000000005     
   3.0625000000000000        2.0416666666666670        1.7227371000000002     
   3.0625000000000000        2.1875000000000000        1.9332019000000007     
   3.0625000000000000        2.3333333333333335        2.1578375000000012     
   3.0625000000000000        2.4791666666666670        2.3966439000000013     
   3.0625000000000000        2.6250000000000000        2.6496211000000005     
   3.0625000000000000        2.7708333333333335        2.9167691000000007     
   3.0625000000000000        2.9166666666666670        3.1980879000000009     
   3.0625000000000000        3.0625000000000000        3.4935775000000007     
   3.0625000000000000        3.2083333333333335        3.8032379000000005     
   3.0625000000000000        3.3541666666666670        4.1270691000000017     
   3.2083333333333335        0.0000000000000000       0.33976110000000004     
   3.2083333333333335       0.14583333333333334       0.36951389999999978     
   3.2083333333333335       0.29166666666666669       0.41343749999999990     
   3.2083333333333335       0.43750000000000000       0.47153190000000000     
   3.2083333333333335       0.58333333333333337       0.54379710000000014     
   3.2083333333333335       0.72916666666666674       0.63023310000000010     
   3.2083333333333335       0.87500000000000000       0.73083990000000032     
   3.2083333333333335        1.0208333333333335       0.84561750000000035     
   3.2083333333333335        1.1666666666666667       0.97456590000000043     
   3.2083333333333335        1.3125000000000000        1.1176851000000003     
   3.2083333333333335        1.4583333333333335        1.2749751000000005     
   3.2083333333333335        1.6041666666666667        1.4464359000000007     
   3.2083333333333335        1.7500000000000000        1.6320675000000007     
   3.2083333333333335        1.8958333333333335        1.8318699000000007     
   3.2083333333333335        2.0416666666666670        2.0458431000000004     
   3.2083333333333335        2.1875000000000000        2.2739871000000007     
   3.2083333333333335        2.3333333333333335        2.5163019000000011     
   3.2083333333333335        2.4791666666666670        2.7727875000000020     
   3.2083333333333335        2.6250000000000000        3.0434439000000006     
   3.2083333333333335        2.7708333333333335        3.3282711000000011     
   3.2083333333333335        2.9166666666666670        3.6272691000000017     
   3.2083333333333335        3.0625000000000000        3.9404379000000009     
   3.2083333333333335        3.2083333333333335        4.2677775000000011     
   3.2083333333333335        3.3541666666666670        4.6092879000000018     
   3.3541666666666670        0.0000000000000000       0.44324910000000034     
   3.3541666666666670       0.14583333333333334       0.49068110000000009     
   3.3541666666666670       0.29166666666666669       0.55228390000000016     
   3.3541666666666670       0.43750000000000000       0.62805750000000038     
   3.3541666666666670       0.58333333333333337       0.71800190000000064     
   3.3541666666666670       0.72916666666666674       0.82211710000000049     
   3.3541666666666670       0.87500000000000000       0.94040310000000071     
   3.3541666666666670        1.0208333333333335        1.0728599000000008     
   3.3541666666666670        1.1666666666666667        1.2194875000000007     
   3.3541666666666670        1.3125000000000000        1.3802859000000010     
   3.3541666666666670        1.4583333333333335        1.5552551000000010     
   3.3541666666666670        1.6041666666666667        1.7443951000000009     
   3.3541666666666670        1.7500000000000000        1.9477059000000012     
   3.3541666666666670        1.8958333333333335        2.1651875000000009     
   3.3541666666666670        2.0416666666666670        2.3968399000000011     
   3.3541666666666670        2.1875000000000000        2.6426631000000014     
   3.3541666666666670        2.3333333333333335        2.9026571000000017     
   3.3541666666666670        2.4791666666666670        3.1768219000000024     
   3.3541666666666670        2.6250000000000000        3.4651575000000014     
   3.3541666666666670        2.7708333333333335        3.7676639000000014     
   3.3541666666666670        2.9166666666666670        4.0843411000000023     
   3.3541666666666670        3.0625000000000000        4.4151891000000010     
   3.3541666666666670        3.2083333333333335        4.7602079000000019     
   3.3541666666666670        3.3541666666666670        5.1193975000000016     
